num_threads = 1 computed e = 2.718281828459046 in 0.0699999332427978515625000 seconds threads = 1 % error = 0.000000000000016
num_threads = 2 computed e = 2.718282028459045 in 0.0399999618530273437500000 seconds threads = 2 % error = 0.000007357588828
num_threads = 3 computed e = 2.718282278458978 in 0.0200002193450927734375000 seconds threads = 3 % error = 0.000016554572383
num_threads = 4 computed e = 2.718282561792379 in 0.0399999618530273437500000 seconds threads = 4 % error = 0.000026977825696
